       81.75915461619923, 28.022715113183537
       81.75892750397628, 28.02302018705656
       81.7590161805262, 28.02302378791765
       81.75913390626039, 28.022876151969896
       81.75918639870031, 28.022918462320035
       81.75909721254345, 28.023069248942377
       81.75831164756346, 28.023755373268017
       81.75846795412906, 28.023891014156405
       81.75912680468986, 28.023256951652385
       81.75968569145306, 28.023766609751505
       81.75988652724766, 28.02371765059098
       81.75996377169514, 28.023699993412677
       81.76015279377157, 28.023618127364387
       81.76030001271374, 28.02372728230644
       81.7601718777268, 28.023821187601712
       81.76098067329531, 28.024207241995583
       81.7611478848359, 28.02407240422319
       81.76097340311338, 28.024028260758655
       81.76101520605977, 28.023958433922502
       81.76044450545817, 28.023567563182056
       81.76071360450527, 28.023502180292198
       81.76051084488, 28.023256952366808
       81.76041633392447, 28.023362094673104
       81.76011185854088, 28.02314825872547
       81.76001682862045, 28.023186077258288
       81.7594241273498, 28.022733950749583
       81.75953119801153, 28.022646493302744
       81.76025265913574, 28.022968522219188
       81.7600910984188, 28.022805633525252
       81.75967133554258, 28.02247105939435
       81.75973920580378, 28.022388311704503
       81.75941023196907, 28.022134458044818
       81.75930764739735, 28.02227871942459
       81.75940326022089, 28.02238515628663
       81.75946401418071, 28.02239747129036
       81.75930167160976, 28.022558445461968
       81.75914331326828, 28.022738771599023
       81.75913036568323, 28.022723817689055
       81.75913634147088, 28.022711502711772
       81.75915461619923, 28.022715113183537